0.000000e+00
1.038752e-01
2.078941e-01
3.117497e-01
4.156220e-01
5.194988e-01
6.233766e-01
7.271218e-01
8.308740e-01
9.346218e-01
1.038404e+00
1.142127e+00
1.245873e+00
1.349627e+00
1.453253e+00
1.556997e+00
1.660772e+00
1.764374e+00
1.868002e+00
1.971750e+00
2.075498e+00
2.179126e+00
2.282875e+00
2.386504e+00
2.490144e+00
2.593620e+00
2.697329e+00
2.800890e+00
2.904641e+00
3.008248e+00
3.112001e+00
3.215751e+00
3.319374e+00
3.423126e+00
3.526893e+00
3.630648e+00
3.734395e+00
3.838251e+00
3.942122e+00
4.046284e+00
4.150266e+00
4.254380e+00
4.358512e+00
4.462646e+00
4.566885e+00
4.671250e+00
4.775500e+00
4.879959e+00
4.984250e+00
5.088502e+00
5.192878e+00
5.297154e+00
5.401501e+00
5.505749e+00
5.610008e+00
5.714253e+00
5.818377e+00
5.922523e+00
6.026772e+00
6.130876e+00
6.235023e+00
6.339025e+00
6.443143e+00
6.547271e+00
6.651280e+00
6.755380e+00
6.859377e+00
6.963378e+00
7.067377e+00
7.171256e+00
7.275272e+00
7.379272e+00
7.483251e+00
7.587271e+00
7.691129e+00
7.795131e+00
7.899003e+00
8.003004e+00
8.107005e+00
8.211004e+00
8.315006e+00
8.418880e+00
8.522877e+00
8.626899e+00
8.730751e+00
8.834756e+00
8.938756e+00
9.042758e+00
9.146631e+00
9.250652e+00
9.354505e+00
9.458529e+00
9.562503e+00
9.666385e+00
9.770380e+00
9.874249e+00
9.978133e+00
1.008213e+01
1.018601e+01
1.029001e+01
1.039388e+01
1.049776e+01
1.060175e+01
1.070563e+01
1.080965e+01
1.091351e+01
1.101751e+01
1.112138e+01
1.122538e+01
1.132928e+01
1.143326e+01
1.153715e+01
1.164113e+01
1.174513e+01
1.184914e+01
1.195326e+01
1.205726e+01
1.216138e+01
1.226551e+01
1.236963e+01
1.247391e+01
1.257813e+01
1.268239e+01
1.278678e+01
1.289113e+01
1.299551e+01
1.309988e+01
1.320438e+01
1.330876e+01
1.341326e+01
1.351763e+01
1.362213e+01
1.372651e+01
1.383076e+01
1.393513e+01
1.403938e+01
1.414365e+01
1.424788e+01
1.435215e+01
1.445638e+01
1.456063e+01
1.466488e+01
1.476901e+01
1.487316e+01
1.497715e+01
1.508116e+01
1.518501e+01
1.528876e+01
1.539248e+01
1.549619e+01
1.559991e+01
1.570361e+01
1.580732e+01
1.591101e+01
1.601476e+01
1.611855e+01
1.622236e+01
1.632614e+01
1.642989e+01
1.653376e+01
1.663752e+01
1.674126e+01
1.684514e+01
1.694889e+01
1.705263e+01
1.715642e+01
1.726028e+01
1.736400e+01
1.746789e+01
1.757166e+01
1.767551e+01
1.777939e+01
1.788314e+01
1.798701e+01
1.809088e+01
1.819476e+01
1.829851e+01
1.840239e+01
1.850626e+01
1.861013e+01
1.871391e+01
1.881776e+01
1.892164e+01
1.902551e+01
1.912939e+01
1.923326e+01
1.933701e+01
1.944089e+01
1.954476e+01
1.964851e+01
1.975239e+01
1.985626e+01
1.996014e+01
2.006401e+01
2.016793e+01
2.027189e+01
2.037576e+01
2.047975e+01
2.058364e+01
2.068751e+01
2.079153e+01
2.089539e+01
2.099926e+01
2.110327e+01
2.120714e+01
2.131112e+01
2.141504e+01
2.151901e+01
2.162290e+01
2.172689e+01
2.183076e+01
2.193464e+01
2.203866e+01
2.214262e+01
2.224654e+01
2.235039e+01
2.245439e+01
2.255837e+01
2.266227e+01
2.276614e+01
2.287016e+01
2.297402e+01
2.307801e+01
2.318199e+01
2.328591e+01
2.338977e+01
2.349376e+01
2.359764e+01
2.370151e+01
2.380554e+01
2.390939e+01
2.401339e+01
2.411727e+01
2.422127e+01
2.432514e+01
2.442914e+01
2.453302e+01
2.463689e+01
2.474076e+01
2.484464e+01
2.494851e+01
2.505239e+01
2.515627e+01
2.526014e+01
2.536401e+01
2.546789e+01
2.557179e+01
2.567564e+01
2.577952e+01
2.588339e+01
2.598739e+01
2.609127e+01
2.619527e+01
2.629929e+01
2.640314e+01
2.650702e+01
2.661102e+01
2.671489e+01
2.681889e+01
2.692289e+01
2.702689e+01
2.713089e+01
2.723477e+01
2.733864e+01
2.744266e+01
2.754652e+01
2.765052e+01
2.775439e+01
2.785841e+01
2.796230e+01
2.806615e+01
2.817002e+01
2.827404e+01
2.837789e+01
2.848189e+01
2.858577e+01
2.868966e+01
2.879367e+01
2.889752e+01
2.900152e+01
2.910539e+01
2.920939e+01
2.931327e+01
2.941727e+01
2.952114e+01
2.962502e+01
2.972904e+01
2.983290e+01
2.993677e+01
3.004077e+01
3.014465e+01
3.024852e+01
3.035240e+01
3.045627e+01
3.056027e+01
3.066404e+01
3.076790e+01
3.087179e+01
3.097565e+01
3.107954e+01
3.118327e+01
3.128714e+01
3.139090e+01
3.149466e+01
3.159839e+01
3.170215e+01
3.180577e+01
3.190952e+01
3.201315e+01
3.211690e+01
3.222065e+01
3.232440e+01
3.242817e+01
3.253177e+01
3.263553e+01
3.273927e+01
3.284290e+01
3.294665e+01
3.305040e+01
3.315402e+01
3.325777e+01
3.336165e+01
3.346527e+01
3.356902e+01
3.367279e+01
3.377642e+01
3.388004e+01
3.398365e+01
3.408740e+01
3.419102e+01
3.429477e+01
3.439842e+01
3.450214e+01
3.460590e+01
3.470966e+01
3.481340e+01
3.491715e+01
3.502102e+01
3.512477e+01
3.522867e+01
3.533252e+01
3.543640e+01
3.554042e+01
3.564440e+01
3.574865e+01
3.585277e+01
3.595705e+01
3.606129e+01
3.616567e+01
3.626990e+01
3.637417e+01
3.647842e+01
3.658267e+01
3.668690e+01
3.679111e+01
3.689515e+01
3.699949e+01
3.710355e+01
3.720765e+01
3.731178e+01
3.741589e+01
3.752003e+01
3.762415e+01
3.772815e+01
3.783228e+01
3.793628e+01
3.804028e+01
3.814428e+01
3.824828e+01
3.835228e+01
3.845615e+01
3.856015e+01
3.866415e+01
3.876815e+01
3.887203e+01
3.897602e+01
3.907990e+01
3.918393e+01
3.928778e+01
3.939175e+01
3.949583e+01
3.959958e+01
3.970363e+01
3.980787e+01
3.991128e+01
4.001528e+01
4.011914e+01
4.022303e+01
4.032693e+01
4.043077e+01
4.053499e+01
4.063867e+01
4.074254e+01
4.084641e+01
4.095040e+01
4.105460e+01
4.115823e+01
4.126246e+01
4.136593e+01
4.146982e+01
4.157358e+01
4.167741e+01
4.178121e+01
4.188506e+01
4.198880e+01
4.209274e+01
4.219645e+01
4.230017e+01
4.240408e+01
4.250779e+01
4.261155e+01
4.271529e+01
4.281919e+01
4.292292e+01
4.302685e+01
4.313055e+01
4.323443e+01
4.333833e+01
4.344205e+01
4.354591e+01
4.364977e+01
4.375365e+01
4.385750e+01
4.396128e+01
4.406519e+01
4.416905e+01
4.427279e+01
4.437666e+01
4.448054e+01
4.458431e+01
4.468822e+01
4.479218e+01
4.489587e+01
4.499971e+01
4.510355e+01
4.520733e+01
4.531122e+01
4.541524e+01
4.551894e+01
4.562298e+01
4.572654e+01
4.583109e+01
4.593431e+01
4.603818e+01
4.614205e+01
4.624592e+01
4.634968e+01
4.645343e+01
4.655722e+01
4.666097e+01
4.676455e+01
4.686831e+01
4.697193e+01
4.707556e+01
4.717917e+01
4.728292e+01
4.738654e+01
4.749016e+01
4.759387e+01
4.769741e+01
4.780116e+01
4.790491e+01
4.800860e+01
4.811229e+01
4.821606e+01
4.831978e+01
4.842363e+01
4.852742e+01
4.863119e+01
4.873491e+01
4.883878e+01
4.894253e+01
4.904641e+01
4.915028e+01
4.925403e+01
4.935791e+01
4.946178e+01
4.956578e+01
4.966978e+01
4.977378e+01
4.987803e+01
4.998218e+01
5.008641e+01
5.019069e+01
5.029505e+01
5.039930e+01
5.050368e+01
5.060803e+01
5.071239e+01
5.081673e+01
5.092092e+01
5.102528e+01
5.112953e+01
5.123380e+01
5.133803e+01
5.144216e+01
5.154640e+01
5.165053e+01
5.175465e+01
5.185878e+01
5.196278e+01
5.206691e+01
5.217103e+01
5.227503e+01
5.237903e+01
5.248316e+01
5.258716e+01
5.269118e+01
5.279515e+01
5.289916e+01
5.300316e+01
5.310716e+01
5.321118e+01
5.331516e+01
5.341916e+01
5.352315e+01
5.362704e+01
5.373104e+01
5.383505e+01
5.393891e+01
5.404291e+01
5.414678e+01
5.425080e+01
5.435466e+01
5.445866e+01
5.456253e+01
5.466641e+01
5.477042e+01
5.487429e+01
5.497853e+01
5.508204e+01
5.518592e+01
5.529078e+01
5.539373e+01
5.549768e+01
5.560170e+01
5.570567e+01
5.580969e+01
5.591381e+01
5.601793e+01
5.612205e+01
5.622619e+01
5.633051e+01
5.643467e+01
5.653894e+01
5.664303e+01
5.674729e+01
5.685143e+01
5.695555e+01
5.705965e+01
5.716356e+01
5.726747e+01
5.737129e+01
5.747515e+01
5.757907e+01
5.768293e+01
5.778669e+01
5.789057e+01
5.799489e+01
5.809807e+01
5.820185e+01
5.830544e+01
5.840923e+01
5.851281e+01
5.861656e+01
5.872045e+01
5.882403e+01
5.892782e+01
5.903170e+01
5.913542e+01
5.923917e+01
5.934307e+01
5.944678e+01
5.955068e+01
5.965455e+01
5.975842e+01
5.986246e+01
5.996599e+01
6.006969e+01
6.017345e+01
6.027719e+01
6.038105e+01
6.048480e+01
6.058854e+01
6.069260e+01
6.079700e+01
6.090020e+01
6.100392e+01
6.110770e+01
6.121158e+01
6.131529e+01
6.141920e+01
6.152295e+01
6.162679e+01
6.173099e+01
6.183451e+01
6.193839e+01
6.204207e+01
6.214593e+01
6.224991e+01
6.235366e+01
6.245742e+01
6.256129e+01
6.266529e+01
6.276905e+01
6.287280e+01
6.297667e+01
6.308066e+01
6.318446e+01
6.328824e+01
6.339207e+01
6.349582e+01
6.359972e+01
6.370364e+01
6.380744e+01
6.391142e+01
6.401577e+01
6.411946e+01
6.422341e+01
6.432743e+01
6.443145e+01
6.453556e+01
6.463959e+01
6.474358e+01
6.484759e+01
6.495155e+01
6.505550e+01
6.515952e+01
6.526346e+01
6.536748e+01
6.547147e+01
6.557532e+01
6.567931e+01
6.578330e+01
6.588730e+01
6.599117e+01
6.609534e+01
6.619908e+01
6.630307e+01
6.640705e+01
6.651293e+01
6.661480e+01
6.671880e+01
6.682414e+01
6.692676e+01
6.703161e+01
6.713465e+01
6.723847e+01
6.734252e+01
6.744648e+01
6.755033e+01
6.765429e+01
6.775821e+01
6.786219e+01
6.796608e+01
6.807019e+01
6.817398e+01
6.827793e+01
6.838180e+01
6.848593e+01
6.858998e+01
6.869397e+01
6.879797e+01
6.890206e+01
6.900604e+01
6.911083e+01
6.921423e+01
6.931819e+01
6.942233e+01
6.952632e+01
6.963032e+01
6.973433e+01
6.983843e+01
6.994331e+01
7.004725e+01
7.015051e+01
7.025445e+01
7.035844e+01
7.046245e+01
7.056645e+01
7.067064e+01
7.077454e+01
7.087855e+01
7.098254e+01
7.108668e+01
7.119068e+01
7.129467e+01
7.139879e+01
7.150301e+01
7.160692e+01
7.171099e+01
7.181772e+01
7.191896e+01
7.202308e+01
7.212705e+01
7.223197e+01
7.233512e+01
7.243920e+01
7.254319e+01
7.264720e+01
7.275120e+01
7.285518e+01
7.295921e+01
7.306330e+01
7.316746e+01
7.327173e+01
7.337531e+01
7.347944e+01
7.358346e+01
7.368760e+01
7.379156e+01
7.389566e+01
7.399956e+01
7.410368e+01
7.420770e+01
7.431171e+01
7.441568e+01
7.451980e+01
7.462389e+01
7.472784e+01
7.483185e+01
7.493585e+01
7.503985e+01
7.514381e+01
7.524781e+01
7.535171e+01
7.545573e+01
7.555959e+01
7.566357e+01
7.576748e+01
7.587136e+01
7.597518e+01
7.607910e+01
7.618295e+01
7.628681e+01
7.639067e+01
7.649507e+01
7.659834e+01
7.670207e+01
7.680583e+01
7.690969e+01
7.701344e+01
7.711709e+01
7.722084e+01
7.732446e+01
7.742819e+01
7.753182e+01
7.763543e+01
7.773908e+01
7.784269e+01
7.794653e+01
7.805025e+01
7.815397e+01
7.825784e+01
7.836156e+01
7.846543e+01
7.856931e+01
7.867306e+01
7.877693e+01
7.888080e+01
7.898486e+01
7.908883e+01
7.919296e+01
7.929706e+01
7.940131e+01
7.950569e+01
7.961007e+01
7.971447e+01
7.981880e+01
7.992305e+01
8.002742e+01
8.013168e+01
8.023593e+01
8.034030e+01
8.044455e+01
8.054894e+01
8.065319e+01
8.075732e+01
8.086143e+01
8.096555e+01
8.106968e+01
8.117379e+01
8.127781e+01
8.138181e+01
8.148593e+01
8.158993e+01
8.169405e+01
8.179806e+01
8.190218e+01
8.200618e+01
8.211018e+01
8.221418e+01
8.231818e+01
8.242220e+01
8.252618e+01
8.263018e+01
8.273405e+01
8.283807e+01
8.294206e+01
8.304605e+01
8.314993e+01
8.325396e+01
8.335793e+01
8.346193e+01
8.356593e+01
8.366981e+01
8.377369e+01
8.387756e+01
8.398156e+01
8.408558e+01
8.418966e+01
8.429337e+01
8.439714e+01
8.450097e+01
8.460469e+01
8.470856e+01
8.481232e+01
8.491606e+01
8.502009e+01
8.512372e+01
8.522744e+01
8.533118e+01
8.543510e+01
8.553887e+01
8.564260e+01
8.574645e+01
8.585040e+01
8.595422e+01
8.605806e+01
8.616194e+01
8.626642e+01
8.636974e+01
8.647360e+01
8.657749e+01
8.668131e+01
8.678551e+01
8.688909e+01
8.699295e+01
8.709669e+01
8.720057e+01
8.730443e+01
8.740833e+01
8.751218e+01
8.761606e+01
8.771979e+01
8.782357e+01
8.792732e+01
8.803106e+01
8.813505e+01
8.823871e+01
8.834260e+01
8.844633e+01
8.855019e+01
8.865393e+01
8.875782e+01
8.886169e+01
8.896556e+01
8.906945e+01
8.917332e+01
8.927742e+01
8.938118e+01
8.948513e+01
8.958899e+01
8.969287e+01
8.979683e+01
8.990071e+01
9.000458e+01
9.010870e+01
9.021251e+01
9.031652e+01
9.042032e+01
9.052433e+01
9.062822e+01
9.073222e+01
9.083620e+01
9.094010e+01
9.104407e+01
9.114811e+01
9.125194e+01
9.135593e+01
9.145982e+01
9.156382e+01
9.166769e+01
9.177170e+01
9.187557e+01
9.197954e+01
9.208370e+01
9.218728e+01
9.229178e+01
9.239482e+01
9.249871e+01
9.260714e+01
9.270633e+01
9.281267e+01
9.291389e+01
9.301761e+01
9.312132e+01
9.322506e+01
9.332869e+01
9.343244e+01
9.353624e+01
9.363969e+01
9.374329e+01
9.384721e+01
9.395065e+01
9.405440e+01
9.415811e+01
9.426183e+01
9.436572e+01
9.446945e+01
9.457325e+01
9.467709e+01
9.478082e+01
9.488479e+01
9.498857e+01
9.509244e+01
9.519646e+01
9.530044e+01
9.540457e+01
9.550857e+01
9.561282e+01
9.571708e+01
9.582121e+01
9.592544e+01
9.602970e+01
9.613395e+01
9.623819e+01
9.634232e+01
9.644646e+01
9.655057e+01
9.665471e+01
9.675895e+01
9.686308e+01
9.696720e+01
9.707145e+01
9.717557e+01
9.727972e+01
9.738381e+01
9.748794e+01
9.759207e+01
9.769624e+01
9.780034e+01
9.790432e+01
9.800832e+01
9.811232e+01
9.821647e+01
9.832032e+01
9.842432e+01
9.852832e+01
9.863232e+01
9.873632e+01
9.884032e+01
9.894434e+01
9.904820e+01
9.915222e+01
9.925607e+01
9.936007e+01
9.946410e+01
9.956794e+01
9.967195e+01
9.977595e+01
9.987994e+01
9.998382e+01
1.000878e+02
1.001918e+02
1.002957e+02
1.003997e+02
1.005037e+02
1.006077e+02
1.007116e+02
1.008156e+02
1.009196e+02
1.010236e+02
1.011274e+02
1.012315e+02
1.013354e+02
1.014393e+02
1.015433e+02
1.016472e+02
1.017512e+02
1.018551e+02
1.019591e+02
1.020629e+02
1.021669e+02
1.022708e+02
1.023748e+02
1.024787e+02
1.025827e+02
1.026866e+02
1.027906e+02
1.028944e+02
1.029985e+02
1.031024e+02
1.032065e+02
1.033103e+02
1.034143e+02
1.035183e+02
1.036223e+02
1.037263e+02
1.038303e+02
1.039343e+02
1.040384e+02
1.041423e+02
1.042510e+02
1.043506e+02
1.044552e+02
1.045582e+02
1.046622e+02
1.047662e+02
1.048702e+02
1.049742e+02
1.050786e+02
1.051819e+02
1.052860e+02
1.053900e+02
1.054940e+02
1.055979e+02
1.057018e+02
1.058057e+02
1.059097e+02
1.060137e+02
1.061176e+02
1.062215e+02
1.063255e+02
1.064293e+02
1.065332e+02
1.066377e+02
1.067410e+02
1.068450e+02
1.069494e+02
1.070529e+02
1.071568e+02
1.072607e+02
1.073647e+02
1.074688e+02
1.075728e+02
1.076768e+02
1.077809e+02
1.078850e+02
1.079890e+02
1.080930e+02
1.081971e+02
1.083011e+02
1.084051e+02
1.085091e+02
1.086130e+02
1.087170e+02
1.088210e+02
1.089250e+02
1.090288e+02
1.091328e+02
1.092368e+02
1.093407e+02
1.094447e+02
1.095486e+02
1.096526e+02
1.097565e+02
1.098605e+02
1.099644e+02
1.100682e+02
1.101721e+02
1.102760e+02
1.103800e+02
1.104840e+02
1.105878e+02
1.106917e+02
1.107956e+02
1.108992e+02
1.110029e+02
1.111066e+02
1.112102e+02
1.113140e+02
1.114177e+02
1.115213e+02
1.116251e+02
1.117287e+02
1.118325e+02
1.119364e+02
1.120402e+02
1.121442e+02
1.122483e+02
1.123525e+02
1.124567e+02
1.125610e+02
1.126651e+02
1.127692e+02
1.128733e+02
1.129775e+02
1.130816e+02
1.131857e+02
1.132897e+02
1.133937e+02
1.134977e+02
1.136017e+02
1.137057e+02
1.138097e+02
1.139136e+02
1.140176e+02
1.141216e+02
1.142256e+02
1.143296e+02
